1333909 1
7327624 2
6066819 3
287141 4
6066812 5
34883016 6
287149 7
6066814 8
89371 9
28575155 10
89375 11
89376 12
89377 13
89378 14
2008911 15
2008910 16
7203847 17
6158967 18
12182387 19
287142 20
16037548 21
16037549 22
12135833 23
18628482 24
29074697 25
18628480 26
1902202 27
3209316 28
25742454 29
4541271 30
3209319 31
30838933 32
30838930 33
18264569 34
13598461 35
27419760 36
20566082 37
13598465 38
26831576 39
17320317 40
36299289 41
9671976 42
9671977 43
28492512 44
1698376 45
2592648 46
30128855 47
427479 48
13707894 49
20135365 50
24444536 51
10789416 52
21401181 53
22600550 54
22466716 55
16158998 56
32615012 57
32615013 58
1907185 59
2805495 60
17373675 61
7075301 62
17373671 63
1393555 64
13571772 65
16201706 66
10866987 67
30525379 68
35452242 69
25317381 70
23615331 71
18138604 72
780911 73
10099492 74
780912 75
780917 76
18283092 77
18283091 78
26864719 79
23566096 80
18283095 81
18283098 82
13586237 83
3631900 84
22642978 85
22722787 86
23815926 87
707611 88
22499086 89
27189830 90
22642971 91
2250580 92
27189834 93
316994 94
15837688 95
1341793 96
25166650 97
17666476 98
16158996 99
17368265 100
25823101 101
27036535 102
27036536 103
27036537 104
26096065 105
9303668 106
23992420 107
27036538 108
27036539 109
12546931 110
23566090 111
778285 112
23272155 113
31556136 114
23272157 115
3281038 116
18877509 117
35568287 118
20924358 119
12997075 120
554378 121
13827842 122
8030992 123
18628483 124
16693030 125
8030991 126
14781355 127
18134258 128
16693035 129
968456 130
16250763 131
16250767 132
9955028 133
16250765 134
16250764 135
20971607 136
25896980 137
15773972 138
20971603 139
24614930 140
26106944 141
16037540 142
20882012 143
958988 144
18628484 145
20193550 146
926660 147
926662 148
926667 149
15773978 150
16103386 151
16103380 152
